53 137 53 137 0
53 137 29 107 1267
53 137 43 177 2572
53 137 28 80 2451
53 137 7 54 3475
53 137 16 12 5324
29 107 53 137 1267
29 107 29 107 0
29 107 43 177 2899
29 107 28 80 1395
29 107 7 54 2265
29 107 16 12 4243
43 177 53 137 2572
43 177 29 107 2899
43 177 43 177 0
43 177 28 80 4108
43 177 7 54 5107
43 177 16 12 6982
28 80 53 137 2451
28 80 29 107 1395
28 80 43 177 4108
28 80 28 80 0
28 80 7 54 1100
28 80 16 12 2950
7 54 53 137 3475
7 54 29 107 2265
7 54 43 177 5107
7 54 28 80 1100
7 54 7 54 0
7 54 16 12 3123
16 12 53 137 5324
16 12 29 107 4243
16 12 43 177 6982
16 12 28 80 2950
16 12 7 54 3123
16 12 16 12 0
