101 107 101 107 0
101 107 114 64 -1
101 107 14 64 -1
101 107 14 62 -1
101 107 113 56 -1
101 107 50 60 -1
101 107 74 50 -1
101 107 81 49 -1
101 107 53 31 -1
101 107 17 17 -1
101 107 100 18 -1
101 107 22 105 -1
101 107 62 96 -1
101 107 51 87 -1
101 107 50 73 -1
101 107 84 63 -1
114 64 101 107 -1
114 64 114 64 0
114 64 14 64 -1
114 64 14 62 -1
114 64 113 56 268
114 64 50 60 -1
114 64 74 50 -1
114 64 81 49 -1
114 64 53 31 -1
114 64 17 17 -1
114 64 100 18 -1
114 64 22 105 -1
114 64 62 96 -1
114 64 51 87 -1
114 64 50 73 -1
114 64 84 63 -1
14 64 101 107 -1
14 64 114 64 -1
14 64 14 64 0
14 64 14 62 64
14 64 113 56 -1
14 64 50 60 -1
14 64 74 50 -1
14 64 81 49 -1
14 64 53 31 -1
14 64 17 17 -1
14 64 100 18 -1
14 64 22 105 -1
14 64 62 96 -1
14 64 51 87 -1
14 64 50 73 -1
14 64 84 63 -1
14 62 101 107 -1
14 62 114 64 -1
14 62 14 64 64
14 62 14 62 0
14 62 113 56 -1
14 62 50 60 -1
14 62 74 50 -1
14 62 81 49 -1
14 62 53 31 -1
14 62 17 17 -1
14 62 100 18 -1
14 62 22 105 -1
14 62 62 96 -1
14 62 51 87 -1
14 62 50 73 -1
14 62 84 63 -1
113 56 101 107 -1
113 56 114 64 268
113 56 14 64 -1
113 56 14 62 -1
113 56 113 56 0
113 56 50 60 -1
113 56 74 50 -1
113 56 81 49 -1
113 56 53 31 -1
113 56 17 17 -1
113 56 100 18 -1
113 56 22 105 -1
113 56 62 96 -1
113 56 51 87 -1
113 56 50 73 -1
113 56 84 63 -1
50 60 101 107 -1
50 60 114 64 -1
50 60 14 64 -1
50 60 14 62 -1
50 60 113 56 -1
50 60 50 60 0
50 60 74 50 -1
50 60 81 49 -1
50 60 53 31 -1
50 60 17 17 -1
50 60 100 18 -1
50 60 22 105 -1
50 60 62 96 -1
50 60 51 87 -1
50 60 50 73 416
50 60 84 63 -1
74 50 101 107 -1
74 50 114 64 -1
74 50 14 64 -1
74 50 14 62 -1
74 50 113 56 -1
74 50 50 60 -1
74 50 74 50 0
74 50 81 49 236
74 50 53 31 -1
74 50 17 17 -1
74 50 100 18 -1
74 50 22 105 -1
74 50 62 96 -1
74 50 51 87 -1
74 50 50 73 -1
74 50 84 63 544
81 49 101 107 -1
81 49 114 64 -1
81 49 14 64 -1
81 49 14 62 -1
81 49 113 56 -1
81 49 50 60 -1
81 49 74 50 236
81 49 81 49 0
81 49 53 31 -1
81 49 17 17 -1
81 49 100 18 -1
81 49 22 105 -1
81 49 62 96 -1
81 49 51 87 -1
81 49 50 73 -1
81 49 84 63 486
53 31 101 107 -1
53 31 114 64 -1
53 31 14 64 -1
53 31 14 62 -1
53 31 113 56 -1
53 31 50 60 -1
53 31 74 50 -1
53 31 81 49 -1
53 31 53 31 0
53 31 17 17 -1
53 31 100 18 -1
53 31 22 105 -1
53 31 62 96 -1
53 31 51 87 -1
53 31 50 73 -1
53 31 84 63 -1
17 17 101 107 -1
17 17 114 64 -1
17 17 14 64 -1
17 17 14 62 -1
17 17 113 56 -1
17 17 50 60 -1
17 17 74 50 -1
17 17 81 49 -1
17 17 53 31 -1
17 17 17 17 0
17 17 100 18 -1
17 17 22 105 -1
17 17 62 96 -1
17 17 51 87 -1
17 17 50 73 -1
17 17 84 63 -1
100 18 101 107 -1
100 18 114 64 -1
100 18 14 64 -1
100 18 14 62 -1
100 18 113 56 -1
100 18 50 60 -1
100 18 74 50 -1
100 18 81 49 -1
100 18 53 31 -1
100 18 17 17 -1
100 18 100 18 0
100 18 22 105 -1
100 18 62 96 -1
100 18 51 87 -1
100 18 50 73 -1
100 18 84 63 -1
22 105 101 107 -1
22 105 114 64 -1
22 105 14 64 -1
22 105 14 62 -1
22 105 113 56 -1
22 105 50 60 -1
22 105 74 50 -1
22 105 81 49 -1
22 105 53 31 -1
22 105 17 17 -1
22 105 100 18 -1
22 105 22 105 0
22 105 62 96 -1
22 105 51 87 -1
22 105 50 73 -1
22 105 84 63 -1
62 96 101 107 -1
62 96 114 64 -1
62 96 14 64 -1
62 96 14 62 -1
62 96 113 56 -1
62 96 50 60 -1
62 96 74 50 -1
62 96 81 49 -1
62 96 53 31 -1
62 96 17 17 -1
62 96 100 18 -1
62 96 22 105 -1
62 96 62 96 0
62 96 51 87 467
62 96 50 73 -1
62 96 84 63 -1
51 87 101 107 -1
51 87 114 64 -1
51 87 14 64 -1
51 87 14 62 -1
51 87 113 56 -1
51 87 50 60 -1
51 87 74 50 -1
51 87 81 49 -1
51 87 53 31 -1
51 87 17 17 -1
51 87 100 18 -1
51 87 22 105 -1
51 87 62 96 467
51 87 51 87 0
51 87 50 73 -1
51 87 84 63 -1
50 73 101 107 -1
50 73 114 64 -1
50 73 14 64 -1
50 73 14 62 -1
50 73 113 56 -1
50 73 50 60 416
50 73 74 50 -1
50 73 81 49 -1
50 73 53 31 -1
50 73 17 17 -1
50 73 100 18 -1
50 73 22 105 -1
50 73 62 96 -1
50 73 51 87 -1
50 73 50 73 0
50 73 84 63 -1
84 63 101 107 -1
84 63 114 64 -1
84 63 14 64 -1
84 63 14 62 -1
84 63 113 56 -1
84 63 50 60 -1
84 63 74 50 544
84 63 81 49 486
84 63 53 31 -1
84 63 17 17 -1
84 63 100 18 -1
84 63 22 105 -1
84 63 62 96 -1
84 63 51 87 -1
84 63 50 73 -1
84 63 84 63 0
