61 117 61 117 0
61 117 10 111 -1
61 117 91 84 2592
61 117 59 72 -1
61 117 22 55 -1
61 117 2 32 3686
61 117 82 13 -1
61 117 32 7 4326
10 111 61 117 -1
10 111 10 111 0
10 111 91 84 -1
10 111 59 72 -1
10 111 22 55 -1
10 111 2 32 -1
10 111 82 13 -1
10 111 32 7 -1
91 84 61 117 2592
91 84 10 111 -1
91 84 91 84 0
91 84 59 72 -1
91 84 22 55 -1
91 84 2 32 3667
91 84 82 13 -1
91 84 32 7 3238
59 72 61 117 -1
59 72 10 111 -1
59 72 91 84 -1
59 72 59 72 0
59 72 22 55 -1
59 72 2 32 -1
59 72 82 13 -1
59 72 32 7 -1
22 55 61 117 -1
22 55 10 111 -1
22 55 91 84 -1
22 55 59 72 -1
22 55 22 55 0
22 55 2 32 -1
22 55 82 13 -1
22 55 32 7 -1
2 32 61 117 3686
2 32 10 111 -1
2 32 91 84 3667
2 32 59 72 -1
2 32 22 55 -1
2 32 2 32 0
2 32 82 13 -1
2 32 32 7 2892
82 13 61 117 -1
82 13 10 111 -1
82 13 91 84 -1
82 13 59 72 -1
82 13 22 55 -1
82 13 2 32 -1
82 13 82 13 0
82 13 32 7 -1
32 7 61 117 4326
32 7 10 111 -1
32 7 91 84 3238
32 7 59 72 -1
32 7 22 55 -1
32 7 2 32 2892
32 7 82 13 -1
32 7 32 7 0
