10 118 10 118 0
10 118 178 118 5836
10 118 107 109 -1
10 118 71 100 -1
10 118 44 93 1977
10 118 137 89 4960
10 118 7 64 3833
10 118 130 63 -1
10 118 55 63 -1
10 118 184 65 6688
10 118 138 36 7340
10 118 44 34 4396
10 118 109 25 -1
10 118 70 21 -1
10 118 178 7 9145
10 118 10 7 6579
178 118 10 118 5836
178 118 178 118 0
178 118 107 109 -1
178 118 71 100 -1
178 118 44 93 4953
178 118 137 89 2048
178 118 7 64 6809
178 118 130 63 -1
178 118 55 63 -1
178 118 184 65 3776
178 118 138 36 4428
178 118 44 34 7372
178 118 109 25 -1
178 118 70 21 -1
178 118 178 7 6988
178 118 10 7 9139
107 109 10 118 -1
107 109 178 118 -1
107 109 107 109 0
107 109 71 100 2316
107 109 44 93 -1
107 109 137 89 -1
107 109 7 64 -1
107 109 130 63 1804
107 109 55 63 2790
107 109 184 65 -1
107 109 138 36 -1
107 109 44 34 -1
107 109 109 25 2867
107 109 70 21 3424
107 109 178 7 -1
107 109 10 7 -1
71 100 10 118 -1
71 100 178 118 -1
71 100 107 109 2316
71 100 71 100 0
71 100 44 93 -1
71 100 137 89 -1
71 100 7 64 -1
71 100 130 63 2361
71 100 55 63 1881
71 100 184 65 -1
71 100 138 36 -1
71 100 44 34 -1
71 100 109 25 2912
71 100 70 21 2822
71 100 178 7 -1
71 100 10 7 -1
44 93 10 118 1977
44 93 178 118 4953
44 93 107 109 -1
44 93 71 100 -1
44 93 44 93 0
44 93 137 89 4076
44 93 7 64 1875
44 93 130 63 -1
44 93 55 63 -1
44 93 184 65 5804
44 93 138 36 6444
44 93 44 34 2438
44 93 109 25 -1
44 93 70 21 -1
44 93 178 7 7187
44 93 10 7 4620
137 89 10 118 4960
137 89 178 118 2048
137 89 107 109 -1
137 89 71 100 -1
137 89 44 93 4076
137 89 137 89 0
137 89 7 64 5932
137 89 130 63 -1
137 89 55 63 -1
137 89 184 65 1996
137 89 138 36 2649
137 89 44 34 6496
137 89 109 25 -1
137 89 70 21 -1
137 89 178 7 5209
137 89 10 7 7360
7 64 10 118 3833
7 64 178 118 6809
7 64 107 109 -1
7 64 71 100 -1
7 64 44 93 1875
7 64 137 89 5932
7 64 7 64 0
7 64 130 63 -1
7 64 55 63 -1
7 64 184 65 7475
7 64 138 36 5593
7 64 44 34 1587
7 64 109 25 -1
7 64 70 21 -1
7 64 178 7 6336
7 64 10 7 3769
130 63 10 118 -1
130 63 178 118 -1
130 63 107 109 1804
130 63 71 100 2361
130 63 44 93 -1
130 63 137 89 -1
130 63 7 64 -1
130 63 130 63 0
130 63 55 63 2425
130 63 184 65 -1
130 63 138 36 -1
130 63 44 34 -1
130 63 109 25 1632
130 63 70 21 2726
130 63 178 7 -1
130 63 10 7 -1
55 63 10 118 -1
55 63 178 118 -1
55 63 107 109 2790
55 63 71 100 1881
55 63 44 93 -1
55 63 137 89 -1
55 63 7 64 -1
55 63 130 63 2425
55 63 55 63 0
55 63 184 65 -1
55 63 138 36 -1
55 63 44 34 -1
55 63 109 25 2406
55 63 70 21 1536
55 63 178 7 -1
55 63 10 7 -1
184 65 10 118 6688
184 65 178 118 3776
184 65 107 109 -1
184 65 71 100 -1
184 65 44 93 5804
184 65 137 89 1996
184 65 7 64 7475
184 65 130 63 -1
184 65 55 63 -1
184 65 184 65 0
184 65 138 36 1920
184 65 44 34 5984
184 65 109 25 -1
184 65 70 21 -1
184 65 178 7 4441
184 65 10 7 6592
138 36 10 118 7340
138 36 178 118 4428
138 36 107 109 -1
138 36 71 100 -1
138 36 44 93 6444
138 36 137 89 2649
138 36 7 64 5593
138 36 130 63 -1
138 36 55 63 -1
138 36 184 65 1920
138 36 138 36 0
138 36 44 34 4102
138 36 109 25 -1
138 36 70 21 -1
138 36 178 7 2560
138 36 10 7 4710
44 34 10 118 4396
44 34 178 118 7372
44 34 107 109 -1
44 34 71 100 -1
44 34 44 93 2438
44 34 137 89 6496
44 34 7 64 1587
44 34 130 63 -1
44 34 55 63 -1
44 34 184 65 5984
44 34 138 36 4102
44 34 44 34 0
44 34 109 25 -1
44 34 70 21 -1
44 34 178 7 4844
44 34 10 7 2278
109 25 10 118 -1
109 25 178 118 -1
109 25 107 109 2867
109 25 71 100 2912
109 25 44 93 -1
109 25 137 89 -1
109 25 7 64 -1
109 25 130 63 1632
109 25 55 63 2406
109 25 184 65 -1
109 25 138 36 -1
109 25 44 34 -1
109 25 109 25 0
109 25 70 21 2400
109 25 178 7 -1
109 25 10 7 -1
70 21 10 118 -1
70 21 178 118 -1
70 21 107 109 3424
70 21 71 100 2822
70 21 44 93 -1
70 21 137 89 -1
70 21 7 64 -1
70 21 130 63 2726
70 21 55 63 1536
70 21 184 65 -1
70 21 138 36 -1
70 21 44 34 -1
70 21 109 25 2400
70 21 70 21 0
70 21 178 7 -1
70 21 10 7 -1
178 7 10 118 9145
178 7 178 118 6988
178 7 107 109 -1
178 7 71 100 -1
178 7 44 93 7187
178 7 137 89 5209
178 7 7 64 6336
178 7 130 63 -1
178 7 55 63 -1
178 7 184 65 4441
178 7 138 36 2560
178 7 44 34 4844
178 7 109 25 -1
178 7 70 21 -1
178 7 178 7 0
178 7 10 7 5452
10 7 10 118 6579
10 7 178 118 9139
10 7 107 109 -1
10 7 71 100 -1
10 7 44 93 4620
10 7 137 89 7360
10 7 7 64 3769
10 7 130 63 -1
10 7 55 63 -1
10 7 184 65 6592
10 7 138 36 4710
10 7 44 34 2278
10 7 109 25 -1
10 7 70 21 -1
10 7 178 7 5452
10 7 10 7 0
