63 117 63 117 0
63 117 7 119 -1
63 117 86 99 -1
63 117 41 80 -1
63 117 8 81 -1
63 117 48 52 -1
63 117 84 50 -1
63 117 4 28 -1
63 117 85 18 -1
63 117 31 7 -1
7 119 63 117 -1
7 119 7 119 0
7 119 86 99 3155
7 119 41 80 2976
7 119 8 81 -1
7 119 48 52 4121
7 119 84 50 -1
7 119 4 28 5081
7 119 85 18 6246
7 119 31 7 -1
86 99 63 117 -1
86 99 7 119 3155
86 99 86 99 0
86 99 41 80 1849
86 99 8 81 -1
86 99 48 52 2937
86 99 84 50 -1
86 99 4 28 3897
86 99 85 18 5062
86 99 31 7 -1
41 80 63 117 -1
41 80 7 119 2976
41 80 86 99 1849
41 80 41 80 0
41 80 8 81 -1
41 80 48 52 1817
41 80 84 50 -1
41 80 4 28 2777
41 80 85 18 3942
41 80 31 7 -1
8 81 63 117 -1
8 81 7 119 -1
8 81 86 99 -1
8 81 41 80 -1
8 81 8 81 0
8 81 48 52 -1
8 81 84 50 -1
8 81 4 28 -1
8 81 85 18 -1
8 81 31 7 -1
48 52 63 117 -1
48 52 7 119 4121
48 52 86 99 2937
48 52 41 80 1817
48 52 8 81 -1
48 52 48 52 0
48 52 84 50 -1
48 52 4 28 2003
48 52 85 18 2771
48 52 31 7 -1
84 50 63 117 -1
84 50 7 119 -1
84 50 86 99 -1
84 50 41 80 -1
84 50 8 81 -1
84 50 48 52 -1
84 50 84 50 0
84 50 4 28 -1
84 50 85 18 -1
84 50 31 7 -1
4 28 63 117 -1
4 28 7 119 5081
4 28 86 99 3897
4 28 41 80 2777
4 28 8 81 -1
4 28 48 52 2003
4 28 84 50 -1
4 28 4 28 0
4 28 85 18 4006
4 28 31 7 -1
85 18 63 117 -1
85 18 7 119 6246
85 18 86 99 5062
85 18 41 80 3942
85 18 8 81 -1
85 18 48 52 2771
85 18 84 50 -1
85 18 4 28 4006
85 18 85 18 0
85 18 31 7 -1
31 7 63 117 -1
31 7 7 119 -1
31 7 86 99 -1
31 7 41 80 -1
31 7 8 81 -1
31 7 48 52 -1
31 7 84 50 -1
31 7 4 28 -1
31 7 85 18 -1
31 7 31 7 0
