75 118 75 118 0
75 118 117 118 2297
75 118 7 117 -1
75 118 117 66 2553
75 118 7 57 2956
75 118 116 6 -1
75 118 7 6 4454
75 118 83 6 4544
75 118 8 85 3379
75 118 116 40 3334
75 118 37 92 1548
75 118 48 7 3897
75 118 87 34 2944
75 118 42 119 1120
117 118 75 118 2297
117 118 117 118 0
117 118 7 117 -1
117 118 117 66 2425
117 118 7 57 4300
117 118 116 6 -1
117 118 7 6 4992
117 118 83 6 5081
117 118 8 85 4723
117 118 116 40 3206
117 118 37 92 2892
117 118 48 7 4435
117 118 87 34 3072
117 118 42 119 3180
7 117 75 118 -1
7 117 117 118 -1
7 117 7 117 0
7 117 117 66 -1
7 117 7 57 -1
7 117 116 6 -1
7 117 7 6 -1
7 117 83 6 -1
7 117 8 85 -1
7 117 116 40 -1
7 117 37 92 -1
7 117 48 7 -1
7 117 87 34 -1
7 117 42 119 -1
117 66 75 118 2553
117 66 117 118 2425
117 66 7 117 -1
117 66 117 66 0
117 66 7 57 3635
117 66 116 6 -1
117 66 7 6 4288
117 66 83 6 3628
117 66 8 85 4083
117 66 116 40 896
117 66 37 92 2892
117 66 48 7 2982
117 66 87 34 1600
117 66 42 119 3436
7 57 75 118 2956
7 57 117 118 4300
7 57 7 117 -1
7 57 117 66 3635
7 57 7 57 0
7 57 116 6 -1
7 57 7 6 2611
7 57 83 6 3494
7 57 8 85 934
7 57 116 40 4288
7 57 37 92 1638
7 57 48 7 2668
7 57 87 34 2931
7 57 42 119 3737
116 6 75 118 -1
116 6 117 118 -1
116 6 7 117 -1
116 6 117 66 -1
116 6 7 57 -1
116 6 116 6 0
116 6 7 6 -1
116 6 83 6 -1
116 6 8 85 -1
116 6 116 40 -1
116 6 37 92 -1
116 6 48 7 -1
116 6 87 34 -1
116 6 42 119 -1
7 6 75 118 4454
7 6 117 118 4992
7 6 7 117 -1
7 6 117 66 4288
7 6 7 57 2611
7 6 116 6 -1
7 6 7 6 0
7 6 83 6 3148
7 6 8 85 3187
7 6 116 40 4915
7 6 37 92 3136
7 6 48 7 2323
7 6 87 34 2918
7 6 42 119 5235
83 6 75 118 4544
83 6 117 118 5081
83 6 7 117 -1
83 6 117 66 3628
83 6 7 57 3494
83 6 116 6 -1
83 6 7 6 3148
83 6 83 6 0
83 6 8 85 4070
83 6 116 40 4256
83 6 37 92 3788
83 6 48 7 1158
83 6 87 34 2240
83 6 42 119 5324
8 85 75 118 3379
8 85 117 118 4723
8 85 7 117 -1
8 85 117 66 4083
8 85 7 57 934
8 85 116 6 -1
8 85 7 6 3187
8 85 83 6 4070
8 85 8 85 0
8 85 116 40 4838
8 85 37 92 2060
8 85 48 7 3244
8 85 87 34 3507
8 85 42 119 4160
116 40 75 118 3334
116 40 117 118 3206
116 40 7 117 -1
116 40 117 66 896
116 40 7 57 4288
116 40 116 6 -1
116 40 7 6 4915
116 40 83 6 4256
116 40 8 85 4838
116 40 116 40 0
116 40 37 92 3673
116 40 48 7 3609
116 40 87 34 2227
116 40 42 119 4217
37 92 75 118 1548
37 92 117 118 2892
37 92 7 117 -1
37 92 117 66 2892
37 92 7 57 1638
37 92 116 6 -1
37 92 7 6 3136
37 92 83 6 3788
37 92 8 85 2060
37 92 116 40 3673
37 92 37 92 0
37 92 48 7 2963
37 92 87 34 2496
37 92 42 119 2329
48 7 75 118 3897
48 7 117 118 4435
48 7 7 117 -1
48 7 117 66 2982
48 7 7 57 2668
48 7 116 6 -1
48 7 7 6 2323
48 7 83 6 1158
48 7 8 85 3244
48 7 116 40 3609
48 7 37 92 2963
48 7 48 7 0
48 7 87 34 1593
48 7 42 119 4678
87 34 75 118 2944
87 34 117 118 3072
87 34 7 117 -1
87 34 117 66 1600
87 34 7 57 2931
87 34 116 6 -1
87 34 7 6 2918
87 34 83 6 2240
87 34 8 85 3507
87 34 116 40 2227
87 34 37 92 2496
87 34 48 7 1593
87 34 87 34 0
87 34 42 119 3827
42 119 75 118 1120
42 119 117 118 3180
42 119 7 117 -1
42 119 117 66 3436
42 119 7 57 3737
42 119 116 6 -1
42 119 7 6 5235
42 119 83 6 5324
42 119 8 85 4160
42 119 116 40 4217
42 119 37 92 2329
42 119 48 7 4678
42 119 87 34 3827
42 119 42 119 0
